0.002554
0.003026
0.003640
0.002829
0.004158
0.002012
0.002295
0.003316
0.002198
0.002059
0.002229
0.002632
0.002836
0.003146
0.003180
0.001666
0.004161
0.002403
0.002790
0.001913
0.001921
0.001645
0.003502
0.002994
0.003081
0.001958
0.001843
0.002179
0.001825
0.001945
0.002126
0.001668
0.001978
0.003409
0.001487
0.002101
0.002735
0.002241
0.002044
0.002113
0.004119
0.002980
0.002229
0.001782
0.001632
0.002790
0.002179
0.002668
0.001662
0.001778
0.002256
0.002148
0.001751
0.001992
0.003183
0.002003
0.001671
0.001930
0.002040
0.003734
