0.001717
0.001607
0.001897
0.002243
0.002907
0.002018
0.001562
0.003268
0.002497
0.002710
0.002924
0.001521
0.002053
0.002727
0.003941
0.002190
0.002737
0.001817
0.001882
0.002088
0.001906
0.001867
0.001877
0.001937
0.002412
0.001693
0.001605
0.001367
0.002281
0.002411
0.001617
0.001531
0.001963
0.003302
0.002069
0.002584
0.002897
0.001981
0.002273
0.001814
0.001782
0.001660
0.002742
0.001943
0.005580
0.001753
0.001611
0.002215
0.004036
0.002187
0.001712
0.002099
0.004242
0.001631
0.004810
0.001566
