0.001511
0.002311
0.002483
0.003517
0.001575
0.002105
0.002314
0.002457
0.002509
0.001919
0.001723
0.002147
0.001706
0.002206
0.002708
0.001754
0.003413
0.001865
0.001606
0.002969
0.001707
0.002337
0.002820
0.001713
0.002077
0.002676
0.001833
0.002070
0.002079
0.002065
0.001703
0.002101
0.003624
0.002028
0.001586
0.004290
0.001809
0.002227
0.002392
0.001819
0.001661
0.002521
0.002652
0.002192
0.001817
0.002618
0.003053
0.002360
0.003850
0.001964
0.001904
0.002257
0.002016
0.002246
0.001684
0.002166
0.002826
0.003848
0.002529
0.002371
0.002224
0.002596
0.002014
0.002044
