0.001631
0.002698
0.001794
0.002393
0.003723
0.001663
0.001712
0.004398
0.003100
0.001736
0.001937
0.001805
0.001750
0.002313
0.001992
0.001652
0.002216
0.003719
0.002189
0.001918
0.001924
0.003963
0.001997
0.001846
0.002697
0.001730
0.002303
0.002024
0.001992
0.001645
0.003999
0.002032
0.002487
0.002691
0.002413
0.001874
0.002604
0.001875
0.002607
0.001741
0.003667
0.005446
0.002266
0.002175
0.002409
0.003354
0.001898
0.002117
0.001906
0.003497
0.002286
0.002137
0.002823
0.002030
0.002517
0.003032
0.001742
0.001929
0.002525
0.001765
