0.003075
0.003497
0.002386
0.001987
0.001842
0.002080
0.002066
0.001994
0.002002
0.001496
0.001396
0.001965
0.002344
0.001830
0.001676
0.003226
0.002457
0.001779
0.002194
0.002222
0.001990
0.002213
0.002126
0.002069
0.001810
0.001794
0.003209
0.002383
0.002510
0.001800
0.001964
0.001687
0.003102
0.001728
0.001715
0.003502
0.002608
0.003179
0.002299
0.001697
0.001770
0.001678
0.001606
0.002422
0.002079
0.001664
0.003277
0.003286
0.002110
0.002197
0.002313
0.001683
0.001520
0.001735
0.003525
0.002111
0.002910
0.003068
0.001721
0.001976
0.002191
0.001501
0.002286
0.002889
