0.001612
0.002110
0.002894
0.002251
0.002986
0.002270
0.003013
0.001687
0.001683
0.004260
0.001730
0.003579
0.002298
0.002238
0.001644
0.003754
0.002022
0.003064
0.002658
0.001731
0.001614
0.001707
0.002132
0.001915
0.002747
0.002444
0.001665
0.001782
0.001682
0.001697
0.002512
0.001546
0.003282
0.003669
0.002343
0.001820
0.001833
0.002697
0.002627
0.002134
0.002310
0.001717
0.002434
0.002400
0.003532
0.002085
0.003786
0.001884
0.004560
0.001833
0.001765
0.002296
0.002464
0.001633
0.001988
0.002034
