0.004023
0.002918
0.004760
0.003353
0.005703
0.004597
0.005546
0.004497
0.003594
0.004261
0.003305
0.005707
0.005718
0.002731
0.005120
0.006551
0.005802
0.005171
0.003950
0.002744
0.005197
0.006246
0.004799
0.004449
0.005593
0.005895
0.005060
0.006465
0.003290
0.003411
0.002015
0.003369
0.002595
0.005229
0.006063
0.004844
0.003419
0.004210
0.004620
0.004019
0.003771
0.003765
0.003323
0.005579
0.006341
0.004490
0.005782
0.005226
0.005842
0.002890
0.003510
0.003369
0.005430
0.004051
0.005182
0.005144
