0.005415
0.003049
0.003398
0.003808
0.003907
0.005432
0.003917
0.005043
0.005996
0.004096
0.003947
0.006148
0.004341
0.004264
0.003762
0.005645
0.006470
0.004468
0.002535
0.003446
0.004720
0.002572
0.005876
0.004284
0.006593
0.004265
0.005392
0.004077
0.004142
0.003286
0.005801
0.004595
0.005449
0.002931
0.005634
0.004000
0.003353
0.006656
0.005136
0.003085
0.005402
0.004808
0.003266
0.006189
0.006960
0.005916
0.003791
0.004998
0.006237
0.003057
0.005648
0.003982
0.003103
0.004205
0.005300
0.005027
0.003904
0.006516
0.005915
0.004116
0.004642
0.003934
0.005407
0.005204
