0.005020
0.005509
0.005657
0.005945
0.004063
0.006467
0.003324
0.002614
0.003018
0.004881
0.005359
0.003764
0.005233
0.002654
0.003250
0.005268
0.004517
0.003426
0.005855
0.003146
0.003618
0.004250
0.004802
0.003490
0.002880
0.006166
0.004336
0.003621
0.002801
0.003560
0.004410
0.002448
0.002721
0.002422
0.002870
0.005937
0.004919
0.004270
0.006236
0.003641
0.003336
0.002677
0.002285
0.005781
0.004477
0.003707
0.005922
0.004869
0.005784
0.004327
0.003397
0.006544
0.006665
0.005011
0.004658
0.006776
0.004744
0.005147
0.001962
0.004935
